 4.60000000e-01
 4.58253060e-01
 4.56657595e-01
 4.55192450e-01
 4.53830754e-01
 4.52557128e-01
 4.51364822e-01
 4.50252023e-01
 4.49219537e-01
 4.48269429e-01
 4.47404225e-01
 4.46626416e-01
 4.45938143e-01
 4.45340986e-01
 4.44835829e-01
 4.44422756e-01
 4.44101004e-01
 4.43868935e-01
 4.43724047e-01
 4.43663018e-01
 4.43681785e-01
 4.43775645e-01
 4.43939386e-01
 4.44167436e-01
 4.44454011e-01
 4.44793266e-01
 4.45179429e-01
 4.45606921e-01
 4.46070447e-01
 4.46565066e-01
 4.47086235e-01
 4.47629831e-01
 4.48192155e-01
 4.48769923e-01
 4.49360246e-01
 4.49960600e-01
 4.50568795e-01
 4.51182943e-01
 4.51801427e-01
 4.52422863e-01
 4.53046076e-01
 4.53670070e-01
 4.54294004e-01
 4.54917171e-01
 4.55538976e-01
 4.56158923e-01
 4.56776596e-01
 4.57391652e-01
 4.58003804e-01
 4.58612819e-01
 4.59218501e-01
 4.59820694e-01
 4.60419270e-01
 4.61014126e-01
 4.61605179e-01
 4.62192366e-01
 4.62775638e-01
 4.63354958e-01
 4.63930298e-01
 4.64501642e-01
 4.65068978e-01
 4.65632303e-01
 4.66191616e-01
 4.66746922e-01
 4.67298230e-01
 4.67845551e-01
 4.68388898e-01
 4.68928287e-01
 4.69463735e-01
 4.69995260e-01
 4.70522883e-01
 4.71046624e-01
 4.71566504e-01
 4.72082545e-01
 4.72594770e-01
 4.73103201e-01
 4.73607862e-01
 4.74108775e-01
 4.74605965e-01
 4.75099454e-01
 4.75589267e-01
 4.76075427e-01
 4.76557958e-01
 4.77036884e-01
 4.77512227e-01
 4.77984013e-01
 4.78452264e-01
 4.78917003e-01
 4.79378255e-01
 4.79836043e-01
 4.80290389e-01
 4.80741317e-01
 4.81188850e-01
 4.81633010e-01
 4.82073822e-01
 4.82511306e-01
 4.82945486e-01
 4.83376385e-01
 4.83804023e-01
 4.84228425e-01
 4.84649611e-01
