 1.00000000e+02 0.00000000e+00 0.00000000e+00
 1.04375251e+02 1.31257516e+01 1.00000000e+00
 1.08653818e+02 2.59614549e+01 1.00000000e+00
 1.12937536e+02 3.88126065e+01 1.00000000e+00
 1.17251964e+02 5.17558933e+01 1.00000000e+00
 1.21589128e+02 6.47673850e+01 1.00000000e+00
 1.25928661e+02 7.77859840e+01 1.00000000e+00
 1.30245494e+02 9.07364815e+01 1.00000000e+00
 1.34512802e+02 1.03538407e+02 1.00000000e+00
 1.38703355e+02 1.16110065e+02 1.00000000e+00
 1.42790297e+02 1.28370890e+02 1.00000000e+00
 1.46747738e+02 1.40243213e+02 1.00000000e+00
 1.50551284e+02 1.51653853e+02 1.00000000e+00
 1.54178553e+02 1.62535658e+02 1.00000000e+00
 1.57609674e+02 1.72829021e+02 1.00000000e+00
 1.60827776e+02 1.82483329e+02 1.00000000e+00
 1.63819415e+02 1.91458244e+02 1.00000000e+00
 1.66574910e+02 1.99724731e+02 1.00000000e+00
 1.69088570e+02 2.07265711e+02 1.00000000e+00
 1.71358758e+02 2.14076273e+02 1.00000000e+00
 1.73387789e+02 2.20163367e+02 1.00000000e+00
 1.75181667e+02 2.25545002e+02 1.00000000e+00
 1.76749657e+02 2.30248970e+02 1.00000000e+00
 1.78103739e+02 2.34311216e+02 1.00000000e+00
 1.79257992e+02 2.37773976e+02 1.00000000e+00
 1.80227940e+02 2.40683821e+02 1.00000000e+00
 1.81029924e+02 2.43089771e+02 1.00000000e+00
 1.81680522e+02 2.45041566e+02 1.00000000e+00
 1.82196068e+02 2.46588203e+02 1.00000000e+00
 1.82592256e+02 2.47776769e+02 1.00000000e+00
 1.82883858e+02 2.48651575e+02 1.00000000e+00
 1.83084530e+02 2.49253589e+02 1.00000000e+00
 1.83206706e+02 2.49620117e+02 1.00000000e+00
 1.83261564e+02 2.49784693e+02 1.00000000e+00
 1.83259042e+02 2.49777125e+02 1.00000000e+00
 1.83207887e+02 2.49623661e+02 1.00000000e+00
 1.83115742e+02 2.49347227e+02 1.00000000e+00
 1.82989235e+02 2.48967704e+02 1.00000000e+00
 1.82834079e+02 2.48502236e+02 1.00000000e+00
 1.82655176e+02 2.47965528e+02 1.00000000e+00
 1.82456713e+02 2.47370138e+02 1.00000000e+00
 1.82242250e+02 2.46726751e+02 1.00000000e+00
 1.82014810e+02 2.46044429e+02 1.00000000e+00
 1.81776944e+02 2.45330832e+02 1.00000000e+00
 1.81530807e+02 2.44592422e+02 1.00000000e+00
 1.81278212e+02 2.43834637e+02 1.00000000e+00
 1.81020680e+02 2.43062040e+02 1.00000000e+00
 1.80759486e+02 2.42278459e+02 1.00000000e+00
 1.80495698e+02 2.41487093e+02 1.00000000e+00
 1.80230204e+02 2.40690612e+02 1.00000000e+00
 1.79963747e+02 2.39891242e+02 1.00000000e+00
 1.79696944e+02 2.39090832e+02 1.00000000e+00
 1.79430306e+02 2.38290917e+02 1.00000000e+00
 1.79164255e+02 2.37492765e+02 1.00000000e+00
 1.78899141e+02 2.36697424e+02 1.00000000e+00
 1.78635251e+02 2.35905754e+02 1.00000000e+00
 1.78372820e+02 2.35118460e+02 1.00000000e+00
 1.78112038e+02 2.34336114e+02 1.00000000e+00
 1.77853061e+02 2.33559182e+02 1.00000000e+00
 1.77596012e+02 2.32788037e+02 1.00000000e+00
 1.77340992e+02 2.32022976e+02 1.00000000e+00
 1.77088077e+02 2.31264232e+02 1.00000000e+00
 1.76837328e+02 2.30511985e+02 1.00000000e+00
 1.76588791e+02 2.29766373e+02 1.00000000e+00
 1.76342498e+02 2.29027495e+02 1.00000000e+00
 1.76098473e+02 2.28295419e+02 1.00000000e+00
 1.75856730e+02 2.27570190e+02 1.00000000e+00
 1.75617277e+02 2.26851830e+02 1.00000000e+00
 1.75380115e+02 2.26140345e+02 1.00000000e+00
 1.75145242e+02 2.25435726e+02 1.00000000e+00
 1.74912651e+02 2.24737952e+02 1.00000000e+00
 1.74682331e+02 2.24046993e+02 1.00000000e+00
 1.74454271e+02 2.23362812e+02 1.00000000e+00
 1.74228454e+02 2.22685363e+02 1.00000000e+00
 1.74004865e+02 2.22014596e+02 1.00000000e+00
 1.73783486e+02 2.21350459e+02 1.00000000e+00
 1.73564298e+02 2.20692894e+02 1.00000000e+00
 1.73347280e+02 2.20041840e+02 1.00000000e+00
 1.73132413e+02 2.19397238e+02 1.00000000e+00
 1.72919674e+02 2.18759023e+02 1.00000000e+00
 1.72709044e+02 2.18127131e+02 1.00000000e+00
 1.72500499e+02 2.17501497e+02 1.00000000e+00
 1.72294019e+02 2.16882056e+02 1.00000000e+00
 1.72089581e+02 2.16268743e+02 1.00000000e+00
 1.71887164e+02 2.15661491e+02 1.00000000e+00
 1.71686745e+02 2.15060235e+02 1.00000000e+00
 1.71488303e+02 2.14464910e+02 1.00000000e+00
 1.71291817e+02 2.13875451e+02 1.00000000e+00
 1.71097264e+02 2.13291793e+02 1.00000000e+00
 1.70904624e+02 2.12713872e+02 1.00000000e+00
 1.70713875e+02 2.12141626e+02 1.00000000e+00
 1.70524997e+02 2.11574990e+02 1.00000000e+00
 1.70337968e+02 2.11013903e+02 1.00000000e+00
 1.70152768e+02 2.10458304e+02 1.00000000e+00
 1.69969377e+02 2.09908131e+02 1.00000000e+00
 1.69787775e+02 2.09363325e+02 1.00000000e+00
 1.69607942e+02 2.08823826e+02 1.00000000e+00
 1.69429858e+02 2.08289575e+02 1.00000000e+00
 1.69253505e+02 2.07760515e+02 1.00000000e+00
 1.69078863e+02 2.07236588e+02 1.00000000e+00
 1.68905913e+02 2.06717738e+02 1.00000000e+00
