 0.00000000e+00 0.00000000e+00
 1.19725098e-03 1.10091634e-03
 2.29194386e-03 2.23601871e-03
 3.29827633e-03 3.40057456e-03
 4.23446443e-03 4.58851186e-03
 5.11089696e-03 5.79636768e-03
 5.93206677e-03 7.02264441e-03
 6.69908648e-03 8.26697117e-03
 7.41127593e-03 9.52957469e-03
 8.06709073e-03 1.08109698e-02
 8.66467477e-03 1.21117751e-02
 9.20220146e-03 1.34325995e-02
 9.67809315e-03 1.47739690e-02
 1.00911674e-02 1.61362775e-02
 1.04407364e-02 1.75197545e-02
 1.07266734e-02 1.89244422e-02
 1.09494531e-02 2.03501823e-02
 1.11101677e-02 2.17966108e-02
 1.12105199e-02 2.32631600e-02
 1.12527923e-02 2.47490692e-02
 1.12397929e-02 2.62534024e-02
 1.11747812e-02 2.77750729e-02
 1.10613758e-02 2.93128747e-02
 1.09034524e-02 3.08655159e-02
 1.07050359e-02 3.24316547e-02
 1.04701965e-02 3.40099345e-02
 1.02029530e-02 3.55990157e-02
 9.90719126e-03 3.71976029e-02
 9.58659803e-03 3.88044673e-02
 9.24461296e-03 4.04184623e-02
 8.88439762e-03 4.20385341e-02
 8.50881976e-03 4.36637267e-02
 8.12045052e-03 4.52931832e-02
 7.72157157e-03 4.69261428e-02
 7.31418965e-03 4.85619368e-02
 6.90005584e-03 5.01999814e-02
 6.48068773e-03 5.18397708e-02
 6.05739262e-03 5.34808691e-02
 5.63129074e-03 5.51229031e-02
 5.20333751e-03 5.67655542e-02
 4.77434437e-03 5.84085519e-02
 4.34499786e-03 6.00516674e-02
 3.91587675e-03 6.16947077e-02
 3.48746736e-03 6.33375109e-02
 3.06017693e-03 6.49799410e-02
 2.63434539e-03 6.66218849e-02
 2.21025545e-03 6.82632482e-02
 1.78814139e-03 6.99039529e-02
 1.36819651e-03 7.15439345e-02
 9.50579548e-04 7.31831402e-02
 5.35420100e-04 7.48215266e-02
 1.22823271e-04 7.64590589e-02
 -2.87126438e-04 7.80957088e-02
 -6.94361813e-04 7.97314539e-02
 -1.09883014e-03 8.13662767e-02
 -1.50049085e-03 8.30001636e-02
 -1.89931355e-03 8.46331045e-02
 -2.29527635e-03 8.62650921e-02
 -2.68836445e-03 8.78961215e-02
 -3.07856899e-03 8.95261897e-02
 -3.46588606e-03 9.11552954e-02
 -3.85031587e-03 9.27834386e-02
 -4.23186203e-03 9.44106207e-02
 -4.61053101e-03 9.60368437e-02
 -4.98633164e-03 9.76621105e-02
 -5.35927470e-03 9.92864249e-02
 -5.72937255e-03 1.00909791e-01
 -6.09663890e-03 1.02532213e-01
 -6.46108853e-03 1.04153696e-01
 -6.82273711e-03 1.05774246e-01
 -7.18160100e-03 1.07393867e-01
 -7.53769717e-03 1.09012566e-01
 -7.89104301e-03 1.10630348e-01
 -8.24165631e-03 1.12247219e-01
 -8.58955510e-03 1.13863185e-01
 -8.93475764e-03 1.15478253e-01
 -9.27728235e-03 1.17092427e-01
 -9.61714773e-03 1.18705716e-01
 -9.95437238e-03 1.20318124e-01
 -1.02889749e-02 1.21929658e-01
 -1.06209739e-02 1.23540325e-01
 -1.09503881e-02 1.25150129e-01
 -1.12772359e-02 1.26759079e-01
 -1.16015359e-02 1.28367179e-01
 -1.19233066e-02 1.29974436e-01
 -1.22425663e-02 1.31580855e-01
 -1.25593334e-02 1.33186444e-01
 -1.28736260e-02 1.34791209e-01
 -1.31854623e-02 1.36395154e-01
 -1.34948603e-02 1.37998287e-01
 -1.38018378e-02 1.39600613e-01
 -1.41064128e-02 1.41202138e-01
 -1.44086029e-02 1.42802868e-01
 -1.47084256e-02 1.44402809e-01
 -1.50058985e-02 1.46001966e-01
 -1.53010389e-02 1.47600346e-01
 -1.55938640e-02 1.49197955e-01
 -1.58843910e-02 1.50794797e-01
 -1.61726369e-02 1.52390879e-01
 -1.64586186e-02 1.53986206e-01
 -1.67423528e-02 1.55580784e-01
