 0.00000000e+00 0.00000000e+00 0.00000000e+00 0.00000000e+00 0.00000000e+00 0.00000000e+00
 -1.51374509e-04 -1.51374509e-04 1.50000000e-03 0.00000000e+00 0.00000000e+00 0.00000000e+00
 -3.54028069e-04 -3.54028069e-04 3.00000000e-03 0.00000000e+00 0.00000000e+00 0.00000000e+00
 -6.00861837e-04 -6.00861837e-04 4.50000000e-03 0.00000000e+00 0.00000000e+00 0.00000000e+00
 -8.82767786e-04 -8.82767786e-04 6.00000000e-03 0.00000000e+00 0.00000000e+00 0.00000000e+00
 -1.19455152e-03 -1.19455152e-03 7.50000000e-03 0.00000000e+00 0.00000000e+00 0.00000000e+00
 -1.53396662e-03 -1.53396662e-03 9.00000000e-03 0.00000000e+00 0.00000000e+00 0.00000000e+00
 -1.90045676e-03 -1.90045676e-03 1.05000000e-02 0.00000000e+00 0.00000000e+00 0.00000000e+00
 -2.29436204e-03 -2.29436204e-03 1.20000000e-02 0.00000000e+00 0.00000000e+00 0.00000000e+00
 -2.71645464e-03 -2.71645464e-03 1.35000000e-02 0.00000000e+00 0.00000000e+00 0.00000000e+00
 -3.16766261e-03 -3.16766261e-03 1.50000000e-02 0.00000000e+00 0.00000000e+00 0.00000000e+00
 -3.64889927e-03 -3.64889927e-03 1.65000000e-02 0.00000000e+00 0.00000000e+00 0.00000000e+00
 -4.16095343e-03 -4.16095343e-03 1.80000000e-02 0.00000000e+00 0.00000000e+00 0.00000000e+00
 -4.70441630e-03 -4.70441630e-03 1.95000000e-02 0.00000000e+00 0.00000000e+00 0.00000000e+00
 -5.27963180e-03 -5.27963180e-03 2.10000000e-02 0.00000000e+00 0.00000000e+00 0.00000000e+00
 -5.88666329e-03 -5.88666329e-03 2.25000000e-02 0.00000000e+00 0.00000000e+00 0.00000000e+00
 -6.52527346e-03 -6.52527346e-03 2.40000000e-02 0.00000000e+00 0.00000000e+00 0.00000000e+00
 -7.19491617e-03 -7.19491617e-03 2.55000000e-02 0.00000000e+00 0.00000000e+00 0.00000000e+00
 -7.89474003e-03 -7.89474003e-03 2.70000000e-02 0.00000000e+00 0.00000000e+00 0.00000000e+00
 -8.62360386e-03 -8.62360386e-03 2.85000000e-02 0.00000000e+00 0.00000000e+00 0.00000000e+00
 -9.38010353e-03 -9.38010353e-03 3.00000000e-02 0.00000000e+00 0.00000000e+00 0.00000000e+00
 -1.01626094e-02 -1.01626094e-02 3.15000000e-02 0.00000000e+00 0.00000000e+00 0.00000000e+00
 -1.09693121e-02 -1.09693121e-02 3.30000000e-02 0.00000000e+00 0.00000000e+00 0.00000000e+00
 -1.17982738e-02 -1.17982738e-02 3.45000000e-02 0.00000000e+00 0.00000000e+00 0.00000000e+00
 -1.26474820e-02 -1.26474820e-02 3.60000000e-02 0.00000000e+00 0.00000000e+00 0.00000000e+00
 -1.35149018e-02 -1.35149018e-02 3.75000000e-02 0.00000000e+00 0.00000000e+00 0.00000000e+00
 -1.43985235e-02 -1.43985235e-02 3.90000000e-02 0.00000000e+00 0.00000000e+00 0.00000000e+00
 -1.52964044e-02 -1.52964044e-02 4.05000000e-02 0.00000000e+00 0.00000000e+00 0.00000000e+00
 -1.62067010e-02 -1.62067010e-02 4.20000000e-02 0.00000000e+00 0.00000000e+00 0.00000000e+00
 -1.71276935e-02 -1.71276935e-02 4.35000000e-02 0.00000000e+00 0.00000000e+00 0.00000000e+00
 -1.80578012e-02 -1.80578012e-02 4.50000000e-02 0.00000000e+00 0.00000000e+00 0.00000000e+00
 -1.89955901e-02 -1.89955901e-02 4.65000000e-02 0.00000000e+00 0.00000000e+00 0.00000000e+00
 -1.99397747e-02 -1.99397747e-02 4.80000000e-02 0.00000000e+00 0.00000000e+00 0.00000000e+00
 -2.08892142e-02 -2.08892142e-02 4.95000000e-02 0.00000000e+00 0.00000000e+00 0.00000000e+00
 -2.18429052e-02 -2.18429052e-02 5.10000000e-02 0.00000000e+00 0.00000000e+00 0.00000000e+00
 -2.27999721e-02 -2.27999721e-02 5.25000000e-02 0.00000000e+00 0.00000000e+00 0.00000000e+00
 -2.37596561e-02 -2.37596561e-02 5.40000000e-02 0.00000000e+00 0.00000000e+00 0.00000000e+00
 -2.47213037e-02 -2.47213037e-02 5.55000000e-02 0.00000000e+00 0.00000000e+00 0.00000000e+00
 -2.56843546e-02 -2.56843546e-02 5.70000000e-02 0.00000000e+00 0.00000000e+00 0.00000000e+00
 -2.66483312e-02 -2.66483312e-02 5.85000000e-02 0.00000000e+00 0.00000000e+00 0.00000000e+00
 -2.76128278e-02 -2.76128278e-02 6.00000000e-02 0.00000000e+00 0.00000000e+00 0.00000000e+00
 -2.85775011e-02 -2.85775011e-02 6.15000000e-02 0.00000000e+00 0.00000000e+00 0.00000000e+00
 -2.95420616e-02 -2.95420616e-02 6.30000000e-02 0.00000000e+00 0.00000000e+00 0.00000000e+00
 -3.05062663e-02 -3.05062663e-02 6.45000000e-02 0.00000000e+00 0.00000000e+00 0.00000000e+00
 -3.14699115e-02 -3.14699115e-02 6.60000000e-02 0.00000000e+00 0.00000000e+00 0.00000000e+00
 -3.24328273e-02 -3.24328273e-02 6.75000000e-02 0.00000000e+00 0.00000000e+00 0.00000000e+00
 -3.33948723e-02 -3.33948723e-02 6.90000000e-02 0.00000000e+00 0.00000000e+00 0.00000000e+00
 -3.43559293e-02 -3.43559293e-02 7.05000000e-02 0.00000000e+00 0.00000000e+00 0.00000000e+00
 -3.53159017e-02 -3.53159017e-02 7.20000000e-02 0.00000000e+00 0.00000000e+00 0.00000000e+00
 -3.62747102e-02 -3.62747102e-02 7.35000000e-02 0.00000000e+00 0.00000000e+00 0.00000000e+00
 -3.72322899e-02 -3.72322899e-02 7.50000000e-02 0.00000000e+00 0.00000000e+00 0.00000000e+00
 -3.81885884e-02 -3.81885884e-02 7.65000000e-02 0.00000000e+00 0.00000000e+00 0.00000000e+00
 -3.91435632e-02 -3.91435632e-02 7.80000000e-02 0.00000000e+00 0.00000000e+00 0.00000000e+00
 -4.00971809e-02 -4.00971809e-02 7.95000000e-02 0.00000000e+00 0.00000000e+00 0.00000000e+00
 -4.10494151e-02 -4.10494151e-02 8.10000000e-02 0.00000000e+00 0.00000000e+00 0.00000000e+00
 -4.20002454e-02 -4.20002454e-02 8.25000000e-02 0.00000000e+00 0.00000000e+00 0.00000000e+00
 -4.29496568e-02 -4.29496568e-02 8.40000000e-02 0.00000000e+00 0.00000000e+00 0.00000000e+00
 -4.38976382e-02 -4.38976382e-02 8.55000000e-02 0.00000000e+00 0.00000000e+00 0.00000000e+00
 -4.48441822e-02 -4.48441822e-02 8.70000000e-02 0.00000000e+00 0.00000000e+00 0.00000000e+00
 -4.57892845e-02 -4.57892845e-02 8.85000000e-02 0.00000000e+00 0.00000000e+00 0.00000000e+00
 -4.67329430e-02 -4.67329430e-02 9.00000000e-02 0.00000000e+00 0.00000000e+00 0.00000000e+00
 -4.76751579e-02 -4.76751579e-02 9.15000000e-02 0.00000000e+00 0.00000000e+00 0.00000000e+00
 -4.86159310e-02 -4.86159310e-02 9.30000000e-02 0.00000000e+00 0.00000000e+00 0.00000000e+00
 -4.95552655e-02 -4.95552655e-02 9.45000000e-02 0.00000000e+00 0.00000000e+00 0.00000000e+00
 -5.04931658e-02 -5.04931658e-02 9.60000000e-02 0.00000000e+00 0.00000000e+00 0.00000000e+00
 -5.14296373e-02 -5.14296373e-02 9.75000000e-02 0.00000000e+00 0.00000000e+00 0.00000000e+00
 -5.23646863e-02 -5.23646863e-02 9.90000000e-02 0.00000000e+00 0.00000000e+00 0.00000000e+00
 -5.32983195e-02 -5.32983195e-02 1.00500000e-01 0.00000000e+00 0.00000000e+00 0.00000000e+00
 -5.42305443e-02 -5.42305443e-02 1.02000000e-01 0.00000000e+00 0.00000000e+00 0.00000000e+00
 -5.51613686e-02 -5.51613686e-02 1.03500000e-01 0.00000000e+00 0.00000000e+00 0.00000000e+00
 -5.60908005e-02 -5.60908005e-02 1.05000000e-01 0.00000000e+00 0.00000000e+00 0.00000000e+00
 -5.70188486e-02 -5.70188486e-02 1.06500000e-01 0.00000000e+00 0.00000000e+00 0.00000000e+00
 -5.79455215e-02 -5.79455215e-02 1.08000000e-01 0.00000000e+00 0.00000000e+00 0.00000000e+00
 -5.88708282e-02 -5.88708282e-02 1.09500000e-01 0.00000000e+00 0.00000000e+00 0.00000000e+00
 -5.97947775e-02 -5.97947775e-02 1.11000000e-01 0.00000000e+00 0.00000000e+00 0.00000000e+00
 -6.07173788e-02 -6.07173788e-02 1.12500000e-01 0.00000000e+00 0.00000000e+00 0.00000000e+00
 -6.16386412e-02 -6.16386412e-02 1.14000000e-01 0.00000000e+00 0.00000000e+00 0.00000000e+00
 -6.25585739e-02 -6.25585739e-02 1.15500000e-01 0.00000000e+00 0.00000000e+00 0.00000000e+00
 -6.34771862e-02 -6.34771862e-02 1.17000000e-01 0.00000000e+00 0.00000000e+00 0.00000000e+00
 -6.43944875e-02 -6.43944875e-02 1.18500000e-01 0.00000000e+00 0.00000000e+00 0.00000000e+00
 -6.53104870e-02 -6.53104870e-02 1.20000000e-01 0.00000000e+00 0.00000000e+00 0.00000000e+00
 -6.62251940e-02 -6.62251940e-02 1.21500000e-01 0.00000000e+00 0.00000000e+00 0.00000000e+00
 -6.71386179e-02 -6.71386179e-02 1.23000000e-01 0.00000000e+00 0.00000000e+00 0.00000000e+00
 -6.80507680e-02 -6.80507680e-02 1.24500000e-01 0.00000000e+00 0.00000000e+00 0.00000000e+00
 -6.89616533e-02 -6.89616533e-02 1.26000000e-01 0.00000000e+00 0.00000000e+00 0.00000000e+00
 -6.98712832e-02 -6.98712832e-02 1.27500000e-01 0.00000000e+00 0.00000000e+00 0.00000000e+00
 -7.07796667e-02 -7.07796667e-02 1.29000000e-01 0.00000000e+00 0.00000000e+00 0.00000000e+00
 -7.16868130e-02 -7.16868130e-02 1.30500000e-01 0.00000000e+00 0.00000000e+00 0.00000000e+00
 -7.25927311e-02 -7.25927311e-02 1.32000000e-01 0.00000000e+00 0.00000000e+00 0.00000000e+00
 -7.34974301e-02 -7.34974301e-02 1.33500000e-01 0.00000000e+00 0.00000000e+00 0.00000000e+00
 -7.44009189e-02 -7.44009189e-02 1.35000000e-01 0.00000000e+00 0.00000000e+00 0.00000000e+00
 -7.53032064e-02 -7.53032064e-02 1.36500000e-01 0.00000000e+00 0.00000000e+00 0.00000000e+00
 -7.62043014e-02 -7.62043014e-02 1.38000000e-01 0.00000000e+00 0.00000000e+00 0.00000000e+00
 -7.71042128e-02 -7.71042128e-02 1.39500000e-01 0.00000000e+00 0.00000000e+00 0.00000000e+00
 -7.80029492e-02 -7.80029492e-02 1.41000000e-01 0.00000000e+00 0.00000000e+00 0.00000000e+00
 -7.89005194e-02 -7.89005194e-02 1.42500000e-01 0.00000000e+00 0.00000000e+00 0.00000000e+00
 -7.97969320e-02 -7.97969320e-02 1.44000000e-01 0.00000000e+00 0.00000000e+00 0.00000000e+00
 -8.06921955e-02 -8.06921955e-02 1.45500000e-01 0.00000000e+00 0.00000000e+00 0.00000000e+00
 -8.15863185e-02 -8.15863185e-02 1.47000000e-01 0.00000000e+00 0.00000000e+00 0.00000000e+00
 -8.24793093e-02 -8.24793093e-02 1.48500000e-01 0.00000000e+00 0.00000000e+00 0.00000000e+00
 -8.33711764e-02 -8.33711764e-02 1.50000000e-01 0.00000000e+00 0.00000000e+00 0.00000000e+00
