 1.00000000e+02 1.00000000e+02 1.00000000e+02 0.00000000e+00 0.00000000e+00 0.00000000e+00
 1.00000000e+02 1.00000000e+02 1.13125752e+02 0.00000000e+00 0.00000000e+00 0.00000000e+00
 1.00000000e+02 1.00000000e+02 1.25961455e+02 0.00000000e+00 0.00000000e+00 0.00000000e+00
 1.00000000e+02 1.00000000e+02 1.38812607e+02 0.00000000e+00 0.00000000e+00 0.00000000e+00
 1.00000000e+02 1.00000000e+02 1.51755893e+02 0.00000000e+00 0.00000000e+00 0.00000000e+00
 1.00000000e+02 1.00000000e+02 1.64767385e+02 0.00000000e+00 0.00000000e+00 0.00000000e+00
 1.00000000e+02 1.00000000e+02 1.77785984e+02 0.00000000e+00 0.00000000e+00 0.00000000e+00
 1.00000000e+02 1.00000000e+02 1.90736482e+02 0.00000000e+00 0.00000000e+00 0.00000000e+00
 1.00000000e+02 1.00000000e+02 2.03538407e+02 0.00000000e+00 0.00000000e+00 0.00000000e+00
 1.00000000e+02 1.00000000e+02 2.16110065e+02 0.00000000e+00 0.00000000e+00 0.00000000e+00
 1.00000000e+02 1.00000000e+02 2.28370890e+02 0.00000000e+00 0.00000000e+00 0.00000000e+00
 1.00000000e+02 1.00000000e+02 2.40243213e+02 0.00000000e+00 0.00000000e+00 0.00000000e+00
 1.00000000e+02 1.00000000e+02 2.51653853e+02 0.00000000e+00 0.00000000e+00 0.00000000e+00
 1.00000000e+02 1.00000000e+02 2.62535658e+02 0.00000000e+00 0.00000000e+00 0.00000000e+00
 1.00000000e+02 1.00000000e+02 2.72829021e+02 0.00000000e+00 0.00000000e+00 0.00000000e+00
 1.00000000e+02 1.00000000e+02 2.82483329e+02 0.00000000e+00 0.00000000e+00 0.00000000e+00
 1.00000000e+02 1.00000000e+02 2.91458244e+02 0.00000000e+00 0.00000000e+00 0.00000000e+00
 1.00000000e+02 1.00000000e+02 2.99724731e+02 0.00000000e+00 0.00000000e+00 0.00000000e+00
 1.00000000e+02 1.00000000e+02 3.07265711e+02 0.00000000e+00 0.00000000e+00 0.00000000e+00
 1.00000000e+02 1.00000000e+02 3.14076273e+02 0.00000000e+00 0.00000000e+00 0.00000000e+00
 1.00000000e+02 1.00000000e+02 3.20163367e+02 0.00000000e+00 0.00000000e+00 0.00000000e+00
 1.00000000e+02 1.00000000e+02 3.25545002e+02 0.00000000e+00 0.00000000e+00 0.00000000e+00
 1.00000000e+02 1.00000000e+02 3.30248970e+02 0.00000000e+00 0.00000000e+00 0.00000000e+00
 1.00000000e+02 1.00000000e+02 3.34311216e+02 0.00000000e+00 0.00000000e+00 0.00000000e+00
 1.00000000e+02 1.00000000e+02 3.37773976e+02 0.00000000e+00 0.00000000e+00 0.00000000e+00
 1.00000000e+02 1.00000000e+02 3.40683821e+02 0.00000000e+00 0.00000000e+00 0.00000000e+00
 1.00000000e+02 1.00000000e+02 3.43089771e+02 0.00000000e+00 0.00000000e+00 0.00000000e+00
 1.00000000e+02 1.00000000e+02 3.45041566e+02 0.00000000e+00 0.00000000e+00 0.00000000e+00
 1.00000000e+02 1.00000000e+02 3.46588203e+02 0.00000000e+00 0.00000000e+00 0.00000000e+00
 1.00000000e+02 1.00000000e+02 3.47776769e+02 0.00000000e+00 0.00000000e+00 0.00000000e+00
 1.00000000e+02 1.00000000e+02 3.48651575e+02 0.00000000e+00 0.00000000e+00 0.00000000e+00
 1.00000000e+02 1.00000000e+02 3.49253589e+02 0.00000000e+00 0.00000000e+00 0.00000000e+00
 1.00000000e+02 1.00000000e+02 3.49620117e+02 0.00000000e+00 0.00000000e+00 0.00000000e+00
 1.00000000e+02 1.00000000e+02 3.49784693e+02 0.00000000e+00 0.00000000e+00 0.00000000e+00
 1.00000000e+02 1.00000000e+02 3.49777125e+02 0.00000000e+00 0.00000000e+00 0.00000000e+00
 1.00000000e+02 1.00000000e+02 3.49623661e+02 0.00000000e+00 0.00000000e+00 0.00000000e+00
 1.00000000e+02 1.00000000e+02 3.49347227e+02 0.00000000e+00 0.00000000e+00 0.00000000e+00
 1.00000000e+02 1.00000000e+02 3.48967704e+02 0.00000000e+00 0.00000000e+00 0.00000000e+00
 1.00000000e+02 1.00000000e+02 3.48502236e+02 0.00000000e+00 0.00000000e+00 0.00000000e+00
 1.00000000e+02 1.00000000e+02 3.47965528e+02 0.00000000e+00 0.00000000e+00 0.00000000e+00
 1.00000000e+02 1.00000000e+02 3.47370138e+02 0.00000000e+00 0.00000000e+00 0.00000000e+00
 1.00000000e+02 1.00000000e+02 3.46726751e+02 0.00000000e+00 0.00000000e+00 0.00000000e+00
 1.00000000e+02 1.00000000e+02 3.46044429e+02 0.00000000e+00 0.00000000e+00 0.00000000e+00
 1.00000000e+02 1.00000000e+02 3.45330832e+02 0.00000000e+00 0.00000000e+00 0.00000000e+00
 1.00000000e+02 1.00000000e+02 3.44592422e+02 0.00000000e+00 0.00000000e+00 0.00000000e+00
 1.00000000e+02 1.00000000e+02 3.43834637e+02 0.00000000e+00 0.00000000e+00 0.00000000e+00
 1.00000000e+02 1.00000000e+02 3.43062040e+02 0.00000000e+00 0.00000000e+00 0.00000000e+00
 1.00000000e+02 1.00000000e+02 3.42278459e+02 0.00000000e+00 0.00000000e+00 0.00000000e+00
 1.00000000e+02 1.00000000e+02 3.41487093e+02 0.00000000e+00 0.00000000e+00 0.00000000e+00
 1.00000000e+02 1.00000000e+02 3.40690612e+02 0.00000000e+00 0.00000000e+00 0.00000000e+00
 1.00000000e+02 1.00000000e+02 3.39891242e+02 0.00000000e+00 0.00000000e+00 0.00000000e+00
 1.00000000e+02 1.00000000e+02 3.39090832e+02 0.00000000e+00 0.00000000e+00 0.00000000e+00
 1.00000000e+02 1.00000000e+02 3.38290917e+02 0.00000000e+00 0.00000000e+00 0.00000000e+00
 1.00000000e+02 1.00000000e+02 3.37492765e+02 0.00000000e+00 0.00000000e+00 0.00000000e+00
 1.00000000e+02 1.00000000e+02 3.36697424e+02 0.00000000e+00 0.00000000e+00 0.00000000e+00
 1.00000000e+02 1.00000000e+02 3.35905754e+02 0.00000000e+00 0.00000000e+00 0.00000000e+00
 1.00000000e+02 1.00000000e+02 3.35118460e+02 0.00000000e+00 0.00000000e+00 0.00000000e+00
 1.00000000e+02 1.00000000e+02 3.34336114e+02 0.00000000e+00 0.00000000e+00 0.00000000e+00
 1.00000000e+02 1.00000000e+02 3.33559182e+02 0.00000000e+00 0.00000000e+00 0.00000000e+00
 1.00000000e+02 1.00000000e+02 3.32788037e+02 0.00000000e+00 0.00000000e+00 0.00000000e+00
 1.00000000e+02 1.00000000e+02 3.32022976e+02 0.00000000e+00 0.00000000e+00 0.00000000e+00
 1.00000000e+02 1.00000000e+02 3.31264232e+02 0.00000000e+00 0.00000000e+00 0.00000000e+00
 1.00000000e+02 1.00000000e+02 3.30511985e+02 0.00000000e+00 0.00000000e+00 0.00000000e+00
 1.00000000e+02 1.00000000e+02 3.29766373e+02 0.00000000e+00 0.00000000e+00 0.00000000e+00
 1.00000000e+02 1.00000000e+02 3.29027495e+02 0.00000000e+00 0.00000000e+00 0.00000000e+00
 1.00000000e+02 1.00000000e+02 3.28295419e+02 0.00000000e+00 0.00000000e+00 0.00000000e+00
 1.00000000e+02 1.00000000e+02 3.27570190e+02 0.00000000e+00 0.00000000e+00 0.00000000e+00
 1.00000000e+02 1.00000000e+02 3.26851830e+02 0.00000000e+00 0.00000000e+00 0.00000000e+00
 1.00000000e+02 1.00000000e+02 3.26140345e+02 0.00000000e+00 0.00000000e+00 0.00000000e+00
 1.00000000e+02 1.00000000e+02 3.25435726e+02 0.00000000e+00 0.00000000e+00 0.00000000e+00
 1.00000000e+02 1.00000000e+02 3.24737952e+02 0.00000000e+00 0.00000000e+00 0.00000000e+00
 1.00000000e+02 1.00000000e+02 3.24046993e+02 0.00000000e+00 0.00000000e+00 0.00000000e+00
 1.00000000e+02 1.00000000e+02 3.23362812e+02 0.00000000e+00 0.00000000e+00 0.00000000e+00
 1.00000000e+02 1.00000000e+02 3.22685363e+02 0.00000000e+00 0.00000000e+00 0.00000000e+00
 1.00000000e+02 1.00000000e+02 3.22014596e+02 0.00000000e+00 0.00000000e+00 0.00000000e+00
 1.00000000e+02 1.00000000e+02 3.21350459e+02 0.00000000e+00 0.00000000e+00 0.00000000e+00
 1.00000000e+02 1.00000000e+02 3.20692894e+02 0.00000000e+00 0.00000000e+00 0.00000000e+00
 1.00000000e+02 1.00000000e+02 3.20041840e+02 0.00000000e+00 0.00000000e+00 0.00000000e+00
 1.00000000e+02 1.00000000e+02 3.19397238e+02 0.00000000e+00 0.00000000e+00 0.00000000e+00
 1.00000000e+02 1.00000000e+02 3.18759023e+02 0.00000000e+00 0.00000000e+00 0.00000000e+00
 1.00000000e+02 1.00000000e+02 3.18127131e+02 0.00000000e+00 0.00000000e+00 0.00000000e+00
 1.00000000e+02 1.00000000e+02 3.17501497e+02 0.00000000e+00 0.00000000e+00 0.00000000e+00
 1.00000000e+02 1.00000000e+02 3.16882056e+02 0.00000000e+00 0.00000000e+00 0.00000000e+00
 1.00000000e+02 1.00000000e+02 3.16268743e+02 0.00000000e+00 0.00000000e+00 0.00000000e+00
 1.00000000e+02 1.00000000e+02 3.15661491e+02 0.00000000e+00 0.00000000e+00 0.00000000e+00
 1.00000000e+02 1.00000000e+02 3.15060235e+02 0.00000000e+00 0.00000000e+00 0.00000000e+00
 1.00000000e+02 1.00000000e+02 3.14464910e+02 0.00000000e+00 0.00000000e+00 0.00000000e+00
 1.00000000e+02 1.00000000e+02 3.13875451e+02 0.00000000e+00 0.00000000e+00 0.00000000e+00
 1.00000000e+02 1.00000000e+02 3.13291793e+02 0.00000000e+00 0.00000000e+00 0.00000000e+00
 1.00000000e+02 1.00000000e+02 3.12713872e+02 0.00000000e+00 0.00000000e+00 0.00000000e+00
 1.00000000e+02 1.00000000e+02 3.12141626e+02 0.00000000e+00 0.00000000e+00 0.00000000e+00
 1.00000000e+02 1.00000000e+02 3.11574990e+02 0.00000000e+00 0.00000000e+00 0.00000000e+00
 1.00000000e+02 1.00000000e+02 3.11013903e+02 0.00000000e+00 0.00000000e+00 0.00000000e+00
 1.00000000e+02 1.00000000e+02 3.10458304e+02 0.00000000e+00 0.00000000e+00 0.00000000e+00
 1.00000000e+02 1.00000000e+02 3.09908131e+02 0.00000000e+00 0.00000000e+00 0.00000000e+00
 1.00000000e+02 1.00000000e+02 3.09363325e+02 0.00000000e+00 0.00000000e+00 0.00000000e+00
 1.00000000e+02 1.00000000e+02 3.08823826e+02 0.00000000e+00 0.00000000e+00 0.00000000e+00
 1.00000000e+02 1.00000000e+02 3.08289575e+02 0.00000000e+00 0.00000000e+00 0.00000000e+00
 1.00000000e+02 1.00000000e+02 3.07760515e+02 0.00000000e+00 0.00000000e+00 0.00000000e+00
 1.00000000e+02 1.00000000e+02 3.07236588e+02 0.00000000e+00 0.00000000e+00 0.00000000e+00
 1.00000000e+02 1.00000000e+02 3.06717738e+02 0.00000000e+00 0.00000000e+00 0.00000000e+00
